down_right
-0.3160627524005335, -2.703898255025045, -1.4221785704242151, 4.125833034515381, -1.919168774281637, -1.619262997304098


down_middle
0.2390751838684082, -2.6188882032977503, -1.6762669722186487, 4.301006317138672, -1.3641203085528772, -1.619946304951803


down_left
0.7041788697242737, -2.717834774647848, -1.384355370198385, 4.115898609161377, -0.8989546934710901, -1.6259287039386194


up_left
0.7530685067176819, -2.0353573004352015, -1.3431533018695276, 3.3922581672668457, -0.8414667288409632, -1.625101391469137

up_middle
0.33548715710639954, -1.831857983266012, -1.6273444334613245, 3.465827465057373, -1.2587350050555628, -1.6187475363360804

up_right
-0.21342260042299444, -1.9321945349322718, -1.4922993818866175, 3.425879955291748, -1.8078597227679651, -1.6173928419696253

desk_right
-0.21112138429750615, -2.1262081305133265, -1.6733067671405237, 3.800743579864502, -1.8086140791522425, -1.618171517048971

desk_middle
0.281767874956131, -2.040643040333883, -1.8173325697528284, 3.864173412322998, -1.3156283537494105, -1.6192987600909632

desk_left
0.7522895336151123, -2.2170560995685022, -1.5146034399615687, 3.745966911315918, -0.8454826513873499, -1.6260841528521937
